
------------------------------------------------
Dump del procesamiento del archivo:[datos.lms]
REGISTROS
     Acumulador:  1bc
Program Counter:    5
    Instruccion:+16897
        Op Code:   33
       Operando:   01

000   007a   00de   3c00   3c01   4000   4201   0000   0000   0000   0000   0000   0000   0000   0000   0000   0000
010   0000   0000   0000   0000   0000   0000   0000   0000   0000   0000   0000   0000   0000   0000   0000   0000
020   0000   0000   0000   0000   0000   0000   0000   0000   0000   0000   0000   0000   0000   0000   0000   0000
030   0000   0000

------------------------------------------------
Dump del procesamiento del archivo:[prueba.txt]
REGISTROS
     Acumulador:  29a
Program Counter:    5
    Instruccion:+16897
        Op Code:   33
       Operando:   01

000   014d   014d   3c00   3c01   4000   4201   0000   0000   0000   0000   0000   0000   0000   0000   0000   0000
010   0000   0000   0000   0000   0000   0000   0000   0000   0000   0000   0000   0000   0000   0000   0000   0000
020   0000   0000   0000   0000   0000   0000   0000   0000   0000   0000   0000   0000   0000   0000   0000   0000
030   0000   0000
