
------------------------------------------------
Dump del procesamiento del archivo:[datos.lms]
REGISTROS
     Acumulador: 2802
Program Counter:    4
    Instruccion:+23042
        Op Code:   45
       Operando:   02

000   0002   0003   2800   3c02   5a02   0000   0000   0000   0000   0000   0000   0000   0000   0000   0000   0000
010   0000   0000   0000   0000   0000   0000   0000   0000   0000   0000   0000   0000   0000   0000   0000   0000
020   0000   0000   0000   0000   0000   0000   0000   0000   0000   0000   0000   0000   0000   0000   0000   0000
030   0000   0000

------------------------------------------------
Dump del procesamiento del archivo:[datos1.lms]
REGISTROS
     Acumulador: 2802
Program Counter:    4
    Instruccion:+23040
        Op Code:   45
       Operando:   00

000   0002   0003   2800   3c02   5a00   0000   0000   0000   0000   0000   0000   0000   0000   0000   0000   0000
010   0000   0000   0000   0000   0000   0000   0000   0000   0000   0000   0000   0000   0000   0000   0000   0000
020   0000   0000   0000   0000   0000   0000   0000   0000   0000   0000   0000   0000   0000   0000   0000   0000
030   0000   0000
